0.7890213995644934
0.4140815384844229
0.989252767730224
0.1888069578350014
0.31440272800346936
0.5264799913280719
0.3888598197043476
0.6076613884900528
0.32698417984751305
0.8848399990246698
0.548821386784786
0.22751389616735915
0.8368634262115353
0.13006620099843688
0.41894981444519663
0.6132882627146478
0.8825478355009777
0.5335117233668758
0.24104008188847847
0.4303715705108189
0.18569523552099487
0.9143675188373489
0.8999576730713914
0.5767995636997798
0.6624804399058531
0.6952525742884602
0.05023005595480166
0.38130338980282985
0.003645935159212411
0.6892732538330492
0.27825991466039307
0.6647646536256069
0.9560950323616669
0.8397736206653739
0.2094369346347188
0.1297912754655902
0.18456574468160805
0.9224292096251825
0.8888100379518442
0.8952321705668064
0.6459407639184722
0.20196031691729982
0.5348558518780117
0.2557304412036723
0.22636452564469517
0.8100611609880896
0.847738994366188
0.31532238962216885
0.3746226393510607
0.7500465042905152
0.710283324029077
0.42775500892823803
0.9020117753671885
0.9828777339048375
0.2586844817711323
0.28949436392097583
0.15368309783906514
0.7597289271745811
0.5869529658429673
0.5960671629490772
0.8794467279660285
0.5118484412650871
0.8985435376279559
0.4454312630244617
0.8293462835206393
0.6203363226218875
0.2606613222030932
0.10107126407428312
0.11214880000790176
0.7355738051370103
0.7766531477238289
0.4446138929832124
0.20308949038061544
0.5254316079265624
0.7312155949783635
0.3794285458799478
0.8780537960350956
0.4748027958059392
0.7525295650953969
0.46811491505817915
0.8405213500239123
0.9628205271136768
0.09647873706540888
0.07057633222211236
0.1736314501174419
0.5944174043701179
0.9902549620552202
0.6199436700051943
0.8962593029930895
0.29201679147163995
0.11941655452134989
0.3734160221357345
0.9261862417163941
0.36622487914857993
0.7039919057017302
0.23648425830554884
0.874581854409292
0.9521608885006027
0.32999282796688945
0.894863790253295
0.832177535790985
0.8734034445536987
0.15371450036854498
0.055979668361473826
0.7879469731962493
0.6198397379829236
0.05967840049668064
0.861755228482003
0.717932128983585
0.7674333147754989
0.6733405732146184
0.12616098556970573
0.21190564809503742
0.3011576367122556
0.9360111477762186
0.4965946085062394
0.06747491845323858
0.9715187201018436
0.974527923704439
0.3257490275207185
0.219822431405734
0.2915281092358761
0.44758388849894337
0.8484416910433935
0.03008310198090369
0.37215350880927894
0.22064829616140622
0.19906355761343367
0.1428994301645959
0.1989552552027323
0.9985076808901243
0.06172249795564679
0.43767181503756963
0.1865246838286837
0.07622867314997182
0.12382217740156234
0.7229949537203285
0.4398087566289677
0.6454871839402658
0.045596415586894715
0.14969399929139154
0.7505354689175975
0.8599806381593772
0.7278503820209196
0.8106197439535426
0.220917257523617
0.5996954445801347
0.5568999818430135
0.7610382752147095
0.22808387654386914
0.04438804624351627
0.6263226702579205
0.6758786976427265
0.8349133021086363
0.8684797342052055
0.7914662684565018
0.5306877963344834
0.4211686253583125
0.9348416660490846
0.4664969146790437
0.8741307739569382
0.06481187997863412
0.38389213037846276
0.6387819290953088
0.8982297628174806
0.4761899834216175
0.8464776585608318
0.430349231245493
0.17424635625227128
0.6358799002262473
0.3864269534166361
0.8103602919086499
0.712139887305436
0.6456000682217421
0.8874984467757495
0.3150294658016165
0.5921603094253357
0.4184967261269107
0.8313933059281885
0.04286529459605098
0.9068608683839612
0.1849327838863141
0.600389044393569
0.09987684509123171
0.5247405790933352
0.9241396735815987
0.4832734308545317
0.7621215356232465
0.8540430452827257
0.17401580203681627
0.25762445699577186
0.318644815446236
0.7018176735497721
0.31938623695582485
0.2631890060634334
0.6531427515150079
0.8000150188877606
0.35414839394613506
0.5307598145104651
0.5303192514350278
0.6566093105024657
0.09852453447101055
0.7756865184719938
0.2620347129949271
0.8913203459984057
0.45487531677047494
0.9947936991473764
0.2057690862010723
0.7413394124438323
0.5315041921492849
0.5681975896694038
0.018373775227138265
0.03584693914747111
0.1198440765326295
0.13145846228863245
0.819861282655042
0.26394407646624934
0.7826260353715268
0.4196569476046995
0.624744707256954
0.19330038089659674
0.22339713415024
0.19708027547215198
0.27212543083408025
0.006577025206412386
0.28497189834204983
0.1287945519079695
0.5588626243155348
0.3058213304402071
0.15943070992254474
0.339902517485449
0.5718237807060241
0.10794157890166133
0.3411483350963359
0.4168499240301578
0.765788950152596
0.07903766736582202
0.696381530759268
0.2715453056999973
0.06115221304790851
0.9761131882848652
0.19500061253457454
0.4264359565055283
0.6738505669076013
0.33169750727205616
0.499769980213653
0.014297854309702443
0.7515307177178213
0.13646253580960746
0.04767498969404308
0.8008618260832071
0.8009658948806523
0.6870698124017275
0.00269739879738212
0.9689226617282078
0.5054183712118381
0.1700018876877595
0.5832016667718194
0.6151933332815459
0.40723288362716387
0.3952403394929213
0.2385378065350512
0.4613165082288022
0.41358365757407906
0.27051873517772507
0.07421592741662697
0.5137756746489345
0.719981327308135
0.7714102953304494
0.38158177543800237
0.7862506796031288
0.6411875535408582
0.9013462263530382
0.38479899584385857
0.6970148666557553
0.10455376683462111
0.48360896200215797
0.2362591248894363
0.8331260066231284
0.6072303231905904
0.11846367340274999
0.8499951460718274
0.5742131748568781
0.17249213336975353
0.6230348100865318
0.029498308718062024
0.6935592762265435
0.882493681164461
0.1693295018091055
0.8151031303063606
0.3153817390849784
0.8188806692379694
0.33883205762463986
0.6164821902718639
0.2633096589038618
0.5318432826318497
0.4916274832299057
0.3083283840083902
0.07596066211296887
0.19231754009574645
0.06930399023029649
0.6839468956994486
0.6747224032637158
0.5287759512576531
0.5963674748575448
0.8830304148444204
0.200616344226239
0.39730335356496166
0.10759722019280422
0.24916571464286702
0.7704167901762501
0.42214429340901316
0.4720148243998422
0.266489683963028
0.78513427726666
0.9106818669894927
0.9530890327565494
0.38194460984779255
0.13097218275583813
0.04571513305766302
0.09744309209461684
0.8629612554492141
0.9457031452233181
0.9646742999085346
0.9700580841009779
0.3015213700086812
0.4145767397129982
0.31152639589320424
0.7045334732775194
0.2547008742694341
0.3880981342792579
0.9276014682586038
0.020515739522332477
0.1896519645521148
0.7687073077532652
0.5533382318550152
0.6301726539920881
0.10586302349658888
0.8942774456115098
0.3573940383645781
0.8384001312534022
0.3807684946867963
0.3976045976253801
0.9866565127456249
0.6668681405186859
0.25001952658598425
0.4752528873576026
0.7611120064152967
0.47419382983840397
0.7064794717527628
0.5142975762145886
0.8743808461720058
0.08384149147397896
0.5042159594227138
0.027754763120073665
0.5517020741074481
0.09476857567300687
0.31906363546671235
0.602224948475784
0.6190758646015111
0.2842947958471342
0.7011770587424688
0.9695544614021662
0.7735466933086912
0.025293647286652957
0.09706272000100412
0.6113299760668724
0.5445207602437097
0.01640012568047246
0.9986172015933321
0.7407092744913023
0.2764832983077668
0.7158713412698644
0.05194255137611151
0.5139554061911539
0.34331925157998744
0.8240341915950329
0.6904211744757821
0.6156282679023287
0.8138342046607002
0.7886839100079204
0.14003914082754793
0.03749003650498327
0.6257135949873394
0.1845337393701378
0.819517042116165
0.5614420450388726
0.1291101357524819
0.5931679909862915
0.9904663637471137
0.9158415445192976
0.9048372147977272
0.27158756174161236
0.6226428272656799
0.34131714925685874
0.5084754393359503
0.9599205242366401
0.1479141583499009
0.36056089126822843
0.13123985162800095
0.1827693596638505
0.2499974356503458
0.39920122305257305
0.5338569668041139
0.6075093070106636
0.6638460801676271
0.30467754798243196
0.16982332823246463
0.5750670495092881
0.26264952994292823
0.04957512915628659
0.8551013214338842
0.21881403657724594
0.4995833153237388
0.4228423389790363
0.1352498116993384
0.7910452823721041
0.8424156330882467
0.9068703785670064
0.9992813405502353
0.05848508566427715
0.011253083215312744
0.7424719027234233
0.7534809424141619
0.872294605513668
0.7867608375092349
0.2552921567412872
0.054895720426287896
0.4637269664495368
0.6671510418797626
0.03773947443941916
0.8498325966492111
0.5466721001393683
0.09886762177013836
0.10312280053239044
0.7789965497732747
0.7090375817920118
0.39487988167286436
0.7669632586116928
0.9216099713452
0.7412449725069258
0.09670627507366458
0.9317029720711067
0.7976084556099198
0.36236404310364223
0.2671669925865435
0.31212558998451084
0.23256208138874787
0.8483277312119399
0.9024026495209689
0.7092203800590194
0.930471634792869
0.8112769843116113
0.6760626189171252
0.17399245866216154
0.37175797289690476
0.39326452476199614
0.8271119541601986
0.48835151210126315
0.0938341124255642
0.7216318787346493
0.7116229122522232
0.09504326263573948
0.022977962499414868
0.05383905027177783
0.7681406887720741
0.4631169059300273
0.18704148173633262
0.29331799388052193
0.810468288973493
0.7061712738238246
0.6214140804781372
0.9817778379465083
0.10910232482686047
0.08822955695066986
0.7550670998679234
0.24257010769067835
0.23217747704638128
0.33681077779749685
0.2675971373664976
0.08815638166776567
0.39291607499393755
0.7165445316855193
0.3676399920336026
0.9025675584055602
0.5098164342822579
0.7856754280515441
0.5795296445932635
0.6753859494925171
0.31079712303266405
0.009122197245368259
0.04221732776699244
0.4376941389127223
0.8611491764384581
0.4433102815047178
0.8346385476778887
0.3969628937009215
0.05153935497020237
0.18585380918164163
0.3785589326196194
0.7594941798049248
0.04858260006419546
0.835483533600457
0.4137482378841897
0.05176929633415887
0.7330588491890448
0.35301737045178255
0.42874224199397654
0.36146031117519745
0.43334438971837175
0.9511842222368869
0.5502928028168066
0.4392155636319149
0.16727086475305095
0.7896713915512734
0.7639104517627048
0.17186462755476684
0.9694012016024014
0.5159824888656045
0.8883289388698228
0.4693110728502939
0.6248013348992116
0.15968785713108838
0.4633519236378367
0.8666713059416108
0.8821921426201665
0.26810819879061554
0.011892204397878726
0.6556383105218498
0.2594166231836439
0.3560039720573066
0.6990694955360433
0.384486215143293
0.8004236910966755
0.41648990708798656
0.7772551470418329
0.03912847384798091
0.9346261918514135
0.5404551699361352
0.39004706725418187
0.778855023558736
0.8698271527513364
0.4646351006671213
0.2144281080128448
0.2258859924281909
0.3139155959592543
0.515412695874823
0.6628500415618087
0.44596846886399033
0.9661734598291054
0.16631086104524265
0.32173747288948584
0.058212685373149914
0.5931834239900827
0.8406144225143958
0.5325891904234715
0.07423203640396653
0.09807202322841332
0.2295487855275242
0.8511763717723903
0.3503799658402258
0.7369463359410223
0.6786259824211244
0.9492807750814721
0.8907850956602273
0.7770466516148596
0.7507862471169895
0.7833156524229195
0.7827937370944851
0.6825938984692895
0.2487946725778291
0.4748901968857856
0.7165906977124252
0.07458836515360781
0.6755537234853647
0.23166811734022397
0.8078674065150082
0.4522090915261223
0.2925882015092213
0.22451297150275848
0.6519451521958447
0.9114731412620154
0.8077215643103146
0.36305703322500316
0.46332741106682324
0.2143517390310141
0.13496666565739046
0.8406045769655176
0.7908494587704369
0.9275160630977732
0.5242358243337215
0.8823740205277755
0.9571650521310536
0.5171680491770162
0.5238183636806819
0.23851053121109433
0.02109935583168721
0.9341598879675062
0.6740986494585189
0.17181070559728942
0.5840968341874319
0.35978090478819813
0.6626724897090327
0.5663308025050574
0.20539846299463285
0.5771878050165701
0.8248026494468439
0.38011712893588323
0.16617956727871724
0.2725014425183084
0.2951654615827427
0.15485078973608737
0.8943383884068713
0.687350887189108
0.7883209555940726
0.17044164065483344
0.43162147374775944
0.5935650112968118
0.22253489092099968
0.2348747019214554
0.9529918875791202
0.6783950192329972
0.589032317117749
0.6517949734681084
0.017160128788094104
0.6343744587985991
0.4004832019384234
0.6485356501375827
0.2648350374172008
0.07749703298169153
0.5387172072783586
0.3402171830853801
0.3343596015414972
0.6774448073732691
0.9465789797096444
0.8763179860952238
0.573486371954608
0.7889249759703476
0.5560476303478326
0.48870971223804965
0.8316159759625384
0.6853134982421843
0.6909355000022168
0.2242074533391183
0.9136366589865924
0.7146127431569127
0.23029979456610022
0.8649304665034243
0.618272056062643
0.3304873735207644
0.5519870164140025
0.8970323656652802
0.6109680027473654
0.00522456943464242
0.19858962765057336
0.1471090493049911
0.06680498564819663
0.8388422855509213
0.6972919814603752
0.5134426802669176
0.5356221821920331
0.91653788795607
0.7914535561441951
0.4298294796776444
0.24000269739383764
0.18176828888708185
0.7824429227295866
0.785273964286105
0.86493280525894
0.8946396631563118
0.5044785268643486
0.9869270087219354
0.04027089284536707
0.35786553382608516
0.239348614107517
0.7410722936413039
0.2672103041174733
0.24520433062185273
0.5845810211459507
0.7371841068348419
0.7681130371255382
0.4834137879811407
0.4130815635248253
0.21844335577340698
0.28083196675438943
0.721311373108995
0.8925952087624718
0.4273362491071418
0.18295485708593529
0.8392301163574912
0.030696622334879246
0.3220446736309381
0.9259022050329335
0.0933418047144067
0.665221310431178
0.15544744019298823
0.6833229827485003
0.5935386193068761
0.5736376690566591
0.2968378179080355
0.41598676032416876
0.8404022133091839
0.3700145684781536
0.8374576345993858
0.947631256034277
0.8442143217336416
0.3056243637327642
0.1384223360818491
0.27523660932779975
0.4053410089279412
0.06627155336572221
0.3618120493443189
0.16913653732028333
0.8191901179746321
0.9246029585141547
0.15314683774121476
0.4724159755982345
0.14886166687677344
0.37322380438609964
0.22680397832480995
0.2908128019949672
0.20725925476270948
0.27529046533169016
0.7484969743827339
0.9526216187852943
0.012646453926288385
0.6174489300443365
0.008178541875530465
0.07346095671113674
0.19647514628566554
0.5688963244748506
0.9873386022921284
0.5341399999744597
0.0335728779222547
0.5414304223050002
0.414349412586472
0.3708972930700286
0.9482603313637434
0.8825076993133736
0.6020012137979539
0.8848679455995261
0.8595577176570394
0.7585761845691481
0.8580604967151664
0.2606388435544015
0.6252451104644282
0.6768445111386209
0.8385909600389314
0.7402416251379957
0.25940152393703225
0.0005336884174904214
0.3357859815327234
0.523031674031077
0.8186908694958326
0.5381382942484471
0.578000217269328
0.22149407790953804
0.9780755548645782
0.9223478912098518
0.3828753050092513
0.8250632256735844
0.348389603466925
0.45797217446163463
0.013797536140898852
0.155749647081541
0.8011043585237244
0.7364015369974688
0.7109436995054551
0.12310028545684687
0.11329059164502754
0.35283762894986004
0.10439849806023017
0.44066233924687415
0.3772269890391695
0.9582582280626559
0.6840547482339947
0.8356255187052336
0.6988034125290287
0.8120764896104098
0.22797207006838402
0.20847239148340657
0.6584082533179987
0.42702751944183176
0.3206351769940417
0.8406605632476604
0.6164702365189743
0.007661085594945534
0.363300782766911
0.2323440075969889
0.17726492136197278
0.05570342015956985
0.2144377532896002
0.4878624991487463
0.7209914017051802
0.09535975353525261
0.6066116119381989
0.7308272245584461
0.8751898157181204
0.10551997369975717
0.12435159506095934
0.4145912131372899
0.08744717807755728
0.4452423536617638
0.5959338707881662
0.43169134948561866
0.9419485253597849
0.5097825200214396
0.6792514335857669
0.6458689970708563
0.4460307584522729
0.03324720864944811
0.9967616449003265
0.6991941694851911
0.262125808238033
0.23041400281226976
0.4675514812567346
0.9495958069789553
0.3828528597649701
0.36725318407187685
0.22639006816320406
0.42941597753260263
0.2511192872399149
0.8666635940960324
0.18559471005504516
0.2196347297280965
0.0456218285145521
0.8185994819531167
0.787010188354092
0.009620317025116584
0.6758587781429187
0.558170274749334
0.054290719129694236
0.19473069061235593
0.6500714471828496
0.7361916968118406
0.019624171802195348
0.03261686535686099
0.3235718362933909
0.950864836900808
0.20508581857957206
0.4311823771926918
0.1511171036629391
0.8355258452107155
0.17572200839775376
0.23429177182095995
0.9802303281198889
0.4813687686159347
0.058275569693878856
0.880556894616772
0.7299190413467291
0.6259674410234211
0.9825522344517844
0.530948209332571
0.5736237657427355
0.6832154307820202
0.9078952034539038
0.7444209061209294
0.13841922525563535
0.3822255588210067
0.8338384075469262
0.9168597758692482
0.48210934680471784
0.9758003856534
0.23050134450108453
0.8842242053763326
0.4604422371960926
0.9576550582310412
0.30868597490098715
0.3186669266801519
0.18202200925889342
0.545075797395926
0.19286498523771228
0.21537179995664493
0.08836706461718588
0.11316200099527988
0.1027637211363892
0.839527027081583
0.015609573114543095
0.15685461817096624
0.7406177673852898
0.6298413178999824
0.4956118003235981
0.5081605790293449
0.5703608530471245
0.583828031782602
0.6246851997223248
0.6614085442620996
0.42461448894289905
0.23565387903236934
0.4936343108472805
0.12429709573713676
0.02347679350927826
0.3303930347249512
0.3852255026498276
0.6954145476988585
0.1868751819985538
0.33029900456332373
0.4547889883506434
0.4897937782466949
0.7115558764208982
0.25736219565719093
0.15364286895042392
0.21128847525913103
0.14981709515998373
0.7696382560531991
0.22879976079800426
0.8155859528181465
0.48370357229925937
0.18056159226809518
0.4082943175035398
0.602940205584371
0.7806957631772512
0.2675272869710882
0.6356738782253982
0.4300980134022512
0.3194937141476525
0.5145578345320854
0.6204219407368536
0.4388060168311185
0.918978946096931
0.42173725043071164
0.2165521860224288
0.4072199501040595
0.5845466293102918
0.4495254836481646
0.7277512410598458
0.5790009442580681
0.6450584499928795
0.6747403782272644
0.8501107363326988
0.426827248935566
0.8526001247462669
0.3891834290186051
0.5675373720464334
0.21976956090504735
0.032464485076889996
0.37287002910579037
0.26707557540477134
0.1712762524474952
0.7962863225657086
0.9730281988180768
0.5033005761290625
0.14565203062301432
0.5379746598073225
0.5948715087839397
0.7795251765667323
0.7448173157712736
0.9704901169233068
0.7026029529243275
0.26441269507966314
0.5796136016171526
0.704750476412536
0.7375035915875283
0.5038910893593946
0.3660560667061417
0.7370578736139587
0.7818862237857416
0.5601964762214523
0.26211741322110504
0.6989332337426428
0.8852226582276185
0.5099696138244789
0.43646169329223805
0.4360828434146665
0.6552956471566271
0.9234181993330638
0.3640413659229099
0.2477028240864196
0.6002673236320928
0.8342981746237663
0.6272457717895387
0.7411685006499261
0.41531185044724694
0.7172762566023034
0.6523586461381227
0.5300742314375455
0.4918819087449628
0.5894444797762981
0.553958484057604
0.8502018414686975
0.02611635510243504
0.1285019125290723
0.8862937244518987
0.09955029602900678
0.3373827888024148
0.6876649988760236
0.3457187920588743
0.2703941246823964
0.07391415670478409
0.2850722531445258
0.6274599493000044
0.5945823736519872
0.7868576477155852
0.08164305536731355
0.08371012433736928
0.3626074325551459
0.2099220231541501
0.2229059127328841
0.5643995509045591
0.3402503941118582
